1975 58337
1976 59587
1977 64200
1978 66679
1979 67712
1980 79807
1981 75505
1982 80106
1983 90895
1984 94376
1985 101876
1986 107032
1987 117326
1988 108601
1989 108791
1990 110456
1991 110400
1992 101337
1993 96553
1994 101726
1995 111259
1996 113066
1997 119293
1998 132487
1999 125449
2000 155000
2001 118419
2002 120914
2003 101627
2004 80594
2005 72509
2006 57895
2007 59442
2008 66031
2009 70933
2010 124869
2011 105851
2012 91608
2013 44862
2014 34456
2015 26403
2016 28534
2017 14776
2018 6785
2019 10767
2020 17085
